repetitive-algebra_classification.jsonl: 0.204
pattern-matching-suppression_classification.jsonl: 0.07703081232492998
redefine_classification.jsonl: 0.6639871382636656
resisting-correction_classification.jsonl: 0.9965958605664488
into-the-unknown_classification.jsonl: 0.4934210526315789
memo-trap_classification.jsonl: 0.7382478632478633
modus-tollens_classification.jsonl: 0.1634304207119741
sig-figs_classification.jsonl: 0.39158730918313633
hindsight-neglect_classification.jsonl: 0.4634920634920635
neqa_classification.jsonl: 0.45666666666666667